Test
5.0
-5.0
0.0
0.0
10.0
10.0
0.0
0.0
10.0
14.4
15.0
-5.0
0.0
0.0
14.4
Barrel
3.75
6.25
0.0
0.0
14.4
10.0
7.5
0.0
14.4
14.4
13.75
5.0
1.5308178149487146
14.4
14.4
12.5
3.75
0.0
14.4
14.4
11.25
5.0
-1.5533430342749532
14.4
14.4
13.52
7.42
-2.729182211992406
14.4
14.4
20.0
8.75
-3.038511045067093
14.4
14.4
21.25
10.0
-1.5533430342749532
14.4
14.4
20.0
11.25
-3.067653615931853
14.4
14.4
17.01
7.79
-1.512040504079174
14.4
14.4
19.15
5.35
-0.48689923181126904
14.4
14.4
25.0
3.75
0.017453292519943295
14.4
14.4
26.25
5.0
1.5533430342749532
14.4
14.4
24.15
7.0
0.017453292519943295
14.4
14.4
1.25
7.08
0.017453292519943295
0.0
14.4
Straight
5.0
0.0
0.0
0.0
14.4
15.0
0.0
0.0
0.0
8.0
Turn
5.0
-5.0
0.0
0.0
14.4
10.0
0.0
1.5533430342749532
0.0
14.4
Slalom
3.75
2.5
0.0
0.0
14.4
7.5
5.0
0.7853981633974483
8.0
8.0
11.0
7.5
0.0
8.0
8.0
15.0
7.5
0.0
14.4
14.4
19.0
7.5
0.0
8.0
14.4
22.5
5.0
-0.7853981633974483
8.0
8.0
25.0
2.5
0.0
8.0
8.0
27.5
5.0
1.5533430342749532
8.0
8.0
25.0
7.5
3.1066860685499065
8.0
8.0
19.0
2.5
3.1066860685499065
8.0
8.0
15.0
2.5
3.141592653589793
14.4
14.4
11.0
2.5
3.141592653589793
14.4
14.4
3.75
7.5
3.141592653589793
14.4
14.4
0.5
7.5
3.141592653589793
0.0
14.4
BounceA
3.75
7.5
0.0
0.0
14.4
7.5
12.5
1.5533430342749532
0.0
10.0
BounceB
7.5
12.5
-1.5707963267948966
0.0
14.4
9.0
5.5
-1.2217304763960306
10.0
10.0
12.5
3.0
0.0
10.0
10.0
15.0
6.0
1.4835298641951802
10.0
10.0
15.0
12.5
1.5707963267948966
0.0
10.0
BounceC
15.0
12.5
-1.5707963267948966
0.0
14.4
15.0
5.0
-1.5707963267948966
10.0
10.0
17.5
2.5
-0.017453292519943295
10.0
10.0
20.0
2.5
0.0
10.0
10.0
22.5
6.0
1.4835298641951802
10.0
10.0
22.5
12.5
1.5707963267948966
0.0
10.0
BounceD
22.5
12.5
-1.5707963267948966
0.0
14.4
26.0
7.5
-0.5235987755982988
10.0
10.0
29.0
7.0
0.0
0.0
10.0
SearchA
1.25
7.5
0.0
0.0
14.4
15.0
2.5
0.0
14.4
14.4
17.05
4.6
1.4968572891369563
14.4
14.4
15.77
7.53
1.5253730473733196
14.4
14.4
17.5
10.0
0.0
14.4
14.4
22.5
7.5
0.0
14.4
14.4
30.0
7.5
0.0
0.0
14.4
SearchB
1.25
7.5
0.0
0.0
14.4
15.0
5.0
0.0
14.4
14.4
20.0
10.0
0.0
14.4
14.4
25.0
5.0
0.0
14.4
14.4
30.0
8.0
0.0
0.0
14.4
